ROut
0.00
0.38
0.37
0.37
0.38
0.37
0.38
0.37
0.36
0.38
0.37
0.37
0.37
0.36
0.36
0.36
0.38
0.37
0.37
0.36
0.38
0.37
0.37
0.36
0.37
0.38
0.37
0.36
0.38
0.37
0.38
0.37
0.37
0.37
0.37
0.37
0.37
0.37
0.35
0.37
0.38
0.37
0.38
0.36
0.37
0.37
0.37
0.38
0.38
0.38
0.38
0.36
0.37
0.37
0.37
0.38
0.38
0.37
0.37
0.38
0.37
0.37
0.37
0.37
0.37
0.37
0.37
0.38
0.38
0.37
0.37
0.37
0.37
0.37
0.37
0.38
0.37
0.37
0.37
0.38
0.38
0.37
0.36
0.36
0.36
0.38
0.38
0.37
0.37
0.37
0.38
0.37
0.35
0.36
0.38
0.36
0.37
0.38
0.37
0.37
ZOut
0.00
6.88
5.29
-12.54
-2.98
-2.98
-2.98
-1.65
-1.48
-14.11
-1.65
-2.98
-2.98
-2.98
-2.40
-1.65
-2.98
-6.05
-2.98
-1.65
-2.90
-14.11
-2.98
-2.40
-6.05
-6.05
-2.98
-2.40
-14.11
-14.11
-1.65
-2.98
-14.11
5.29
-2.98
-2.40
-14.11
-1.65
-1.16
-2.40
-6.05
-2.98
-2.98
-2.40
-14.11
-2.98
-2.40
-2.90
-14.11
-2.98
-1.65
-2.98
-2.98
-12.54
-2.98
-2.98
-14.11
-1.65
-1.48
-2.90
-2.98
-2.98
-2.98
-14.11
-14.11
-2.98
-2.98
-14.11
-14.11
-2.98
-2.98
-14.11
-2.98
-2.98
-2.98
-2.90
-2.98
-2.98
-1.65
-2.90
-1.65
-2.98
11.63
-2.40
-2.40
-2.98
-2.90
-6.05
-2.98
-1.65
-2.90
-6.05
-2.40
-2.98
-14.11
-2.98
-2.98
-1.65
-14.11
-1.65
duty_z
0
0
0
0
0
0
0
0
0
0
0
0
0
0
0
0
0
0
0
0
0
0
0
0
0
0
0
0
-1
-2
-3
-4
-5
-6
-7
-8
-9
-10
-11
-12
-13
-14
-15
-16
-18
-19
-20
-22
-24
-26
-28
-30
-32
-34
-36
-38
-40
-42
-44
-46
-48
-50
-52
-54
-57
-60
-63
-66
-69
-72
-75
-78
-81
-84
-87
-90
-93
-96
-99
-102
-105
-108
-111
-114
-117
-120
-123
-126
-129
-132
-135
-139
-143
-147
-151
-155
-159
-163
-167
-171