ROut
0.00
0.30
0.26
0.56
0.45
0.43
0.42
0.41
0.41
0.41
0.41
0.41
0.40
0.40
0.40
0.40
0.40
0.40
0.40
0.40
0.39
0.39
0.39
0.38
0.37
0.37
0.37
0.38
0.38
0.38
0.38
0.39
0.39
0.39
0.39
0.39
0.40
0.40
0.40
0.40
0.40
0.40
0.40
0.40
0.40
0.40
0.40
0.40
0.40
0.40
0.40
0.40
0.40
0.41
0.41
0.41
0.41
0.41
0.41
0.41
0.41
0.41
0.41
0.41
0.41
0.41
0.41
0.41
0.42
0.42
0.41
0.42
0.42
0.41
0.42
0.43
0.43
0.43
0.43
0.44
0.45
0.46
0.47
0.46
0.47
0.57
0.54
0.81
0.76
0.80
0.09
-0.02
-0.05
0.26
0.26
0.32
0.34
0.35
0.34
0.33
ZOut
0.00
0.17
0.19
0.22
0.28
-0.15
0.06
0.07
0.08
0.07
0.08
0.07
0.08
0.08
0.07
0.07
0.07
0.07
0.08
0.09
0.10
0.10
0.11
0.11
0.11
0.10
0.09
0.08
0.07
0.07
0.06
0.05
0.05
0.05
0.04
0.04
0.03
0.03
0.03
0.03
0.03
0.02
0.02
0.02
0.02
0.02
0.02
0.01
0.01
0.01
0.01
0.01
0.01
0.00
0.00
-0.00
-0.00
-0.00
-0.01
-0.01
-0.01
-0.01
-0.02
-0.02
-0.02
-0.03
-0.03
-0.04
-0.05
-0.05
-0.05
-0.06
-0.07
-0.06
-0.08
-0.09
-0.09
-0.09
-0.11
-0.11
-0.12
-0.13
-0.13
-0.18
-0.21
-0.21
-0.22
-0.21
-0.22
-0.24
-0.29
-0.31
-0.37
-0.37
-0.37
-0.45
-0.52
-0.58
-0.49
-0.57
duty_z
0
0
0
0
0
0
0
0
0
0
0
0
0
0
0
0
0
0
0
0
0
0
0
0
0
0
0
0
0
0
0
0
0
0
0
0
0
0
0
0
0
0
0
0
0
0
0
0
0
0
0
0
0
0
0
0
0
0
0
0
0
0
0
0
0
0
0
0
0
0
0
0
0
0
0
0
0
0
0
0
0
0
0
0
0
0
0
0
0
0
0
0
0
0
0
0
0
0
0
0
